   0 0.20 5.88 0.14 0.46 6.10 3.58 5.86 7.10 4.77 6.74 1.46 6.77 7.16
0.20    0 7.08 8.00 7.57 6.29 5.31 6.09 6.06 8.01 2.94 7.54 5.77 8.16
5.88 7.08    0 1.77 4.08 5.83 2.32 2.54 6.22 7.20 0.67 4.19 1.89 2.06
0.14 8.00 1.77    0 3.16 4.86 2.56 2.53 1.09 6.23 1.59 0.34 7.26 0.45
0.46 7.57 4.08 3.16    0 6.73 3.28 3.19 4.20 3.21 7.15 1.44 3.97 2.90
6.10 6.29 5.83 4.86 6.73    0 6.48 4.55 0.08 1.91 8.72 2.39 8.86 7.12
3.58 5.31 2.32 2.56 3.28 6.48    0 7.43 6.31 2.15 0.73 7.40 0.74 8.28
5.86 6.09 2.54 2.53 3.19 4.55 7.43    0 7.58 3.76 3.32 6.47 5.06 4.93
7.10 6.06 6.22 1.09 4.20 0.08 6.31 7.58    0 4.16 4.03 8.12 0.69 2.71
4.77 8.01 7.20 6.23 3.21 1.91 2.15 3.76 4.16    0 1.38 3.93 3.71 6.60
6.74 2.94 0.67 1.59 7.15 8.72 0.73 3.32 4.03 1.38    0 4.61 7.03 2.27
1.46 7.54 4.19 0.34 1.44 2.39 7.40 6.47 8.12 3.93 4.61    0 6.59 2.29
6.77 5.77 1.89 7.26 3.97 8.86 0.74 5.06 0.69 3.71 7.03 6.59    0 5.72
7.16 8.16 2.06 0.45 2.90 7.12 8.28 4.93 2.71 6.60 2.27 2.29 5.72    0